#  AND 
2837023111 And  30.9748045800  42.3297247200 0
2286013291 And  17.4330161730  35.6205576510 1
2275017531 And   9.8319799204  30.8610217556 1
1735031801 And   2.0969161860  29.0904311180 1
2286013291 And  17.4330161730  35.6205576510 0
2798016671 And  14.1883236053  38.4992742995 1
2801020901 And  12.4535306883  41.0789101056 1
#   Ant
7211022951 Ant 164.1793790618 -37.1377644839 0
7184020651 Ant 156.7879297057 -31.0677730541 1
7166030381 Ant 142.3113319867 -35.9513353986 1
#   Aps
9450022821 Aps 248.3628491125 -78.8971492233 0
9446035171 Aps 245.0866859363 -78.6957469289 1
9447031541 Aps 250.7694021575 -77.5174341228 1
9450022821 Aps 248.3628491125 -78.8971492233 1
9436023931 Aps 221.9654667696 -79.0447509014 1
#   Aqr
5836009791 Aqr 355.6806030283 -14.5449034206 0
6402012211 Aqr 350.7426085863 -20.1005823100 1
6401013551 Aqr 347.3616533858 -21.1724114492 1
6387013821 Aqr 343.6625475843 -15.8207911338 1
5819012471 Aqr 342.3979232008 -13.5926324003 1
5813014061 Aqr 343.1536551353  -7.5796063837 1
5803019961 Aqr 334.2084848079  -7.7832911208 1
5808016831 Aqr 331.6092809138 -13.8696837372 1
5803019961 Aqr 334.2084848079  -7.7832911208 0
5226016061 Aqr 335.4140599895  -1.3873380586 1
5226016051 Aqr 337.2078700438  -0.0199646496 1
5233022981 Aqr 338.8388833000  -0.1173694000 1
0560018181 Aqr 336.3192618746   1.3773984942 0
5226016051 Aqr 337.2078700438  -0.0199646496 1
5226016061 Aqr 335.4140599895  -1.3873380586 0
5224018061 Aqr 331.4459830479  -0.3198491017 1
5216017251 Aqr 322.8897154783  -5.5711755572 1
5779018031 Aqr 317.3985370042 -11.3716903083 1
5760019971 Aqr 311.9189691787  -9.4957743644 1
#   Aql
0493033551 Aql 298.8283023458   6.4067618058 0
1058033991 Aql 297.6958272960   8.8683211960 1
1061025771 Aql 296.5649178783  10.6132613300 1
1058033991 Aql 297.6958272960   8.8683211960 0
0469062271 Aql 291.3745891390   3.1147794750 1
5136023571 Aql 286.5622487917  -4.8825643047 1
5161026821 Aql 302.8261886683  -0.8214618450 0
0480030271 Aql 298.1182094199   1.0056606513 1
0469062271 Aql 291.3745891390   3.1147794750 1
1052030271 Aql 286.3525333979  13.8634772811 1
#   Ara
9053041181 Ara 262.7746363363 -60.6838478178 0
8736038571 Ara 261.3485804629 -56.3777263264 1
8732028661 Ara 261.3249514696 -55.5298852125 1
8350026001 Ara 262.9603813675 -49.8761450114 1
8365016981 Ara 271.6577970408 -50.0914757008 1
8732028661 Ara 261.3249514696 -55.5298852125 0
8730014391 Ara 254.6550507037 -55.9901445283 1
8725030671 Ara 252.4464855313 -59.0413770831 1
8730014391 Ara 254.6550507037 -55.9901445283 0
8726022081 Ara 254.8960366613 -53.1604364722 1
#   Ari
1789014901 Ari  42.4959718358  27.2605072272 0
1758024161 Ari  31.7933571000  23.4624175500 1
1212019351 Ari  28.6600457890  20.8080314720 1
1209018351 Ari  28.3825583000  19.2938528000 1
#   Aur
2391014461 Aur  74.2484212029  33.1660995775 0
2894030651 Aur  74.8142099171  37.8902459449 1
2907012751 Aur  75.4922044212  43.8232975971 1
2899022371 Aur  76.6287223892  41.2344757558 1
2907012751 Aur  75.4922044212  43.8232975971 1
3358031411 Aur  79.1723279440  45.9979914700 1
2924027421 Aur  89.8821788683  44.9474325719 1
2418015731 Aur  89.9302921760  37.2125846290 1
#   Boo
1460011801 Boo 207.3693366075  15.7979056342 0
1460001321 Boo 206.8155712094  17.4568861412 1
1470011571 Boo 208.6711621680  18.3977207170 1
1472014361 Boo 213.9153002950  19.1824091620 1
2553011401 Boo 217.9574567388  30.3714383575 1
3036011511 Boo 218.0194658183  38.3082511861 1
3047012581 Boo 225.4865099108  40.3905668353 1
2566016391 Boo 228.8756789658  33.3148312661 1
2019012511 Boo 221.2467625000  27.0742083000 1
1481007221 Boo 222.8474486888  19.1004560903 1
1477001891 Boo 221.3102511013  16.9642799458 1
1477013361 Boo 220.1814931600  16.4183222600 1
0917014711 Boo 220.2871159917  13.7284168611 1
#   Cae
7585014801 Cae  67.7087479089 -44.9537491132 0
7589016931 Cae  70.1404710550 -41.8637520730 1
7045001301 Cae  70.5145095688 -37.1443307344 1
7053020461 Cae  76.1016783307 -35.4829706668 1
#   Cam
4633017851 Cam 192.3071852721  83.4128799072 0
4530020101 Cam 105.0168150483  76.9774060647 1
4345020511 Cam  94.7115679321  69.3197864003 1
4091020941 Cam  73.5125433262  66.3426767964 1
4079024781 Cam  75.8545401288  60.4422470908 1
3734023201 Cam  74.3216503850  53.7521015014 1
4345020511 Cam  94.7115679321  69.3197864003 0
4335021061 Cam  57.5896204846  71.3322634700 1
4071018941 Cam  57.3803225883  65.5259879849 1
3715012481 Cam  52.2672038348  59.9403370179 1
#   Cnc
0814030291 Cnc 134.6217111800  11.8576517138 0
1396027581 Cnc 131.1712467108  18.1543064986 1
1399029051 Cnc 130.8214508296  21.4685002203 1
1949020101 Cnc 131.6665833736  28.7650606009 1
1396027581 Cnc 131.1712467108  18.1543064986 0
0794016221 Cnc 124.1288375338   9.1855438678 1
#   CVn
3021026461 CVn 194.0017986120  38.3148523069 0
3020025411 CVn 188.4356034146  41.3574791269 1
#   CMa
5963019381 CMa 105.9395543687 -15.6332861031 0
5949027771 CMa 101.2871542000 -16.7161167000 1
5938029181 CMa  95.6749389696 -17.9559187089 1
5949027771 CMa 101.2871542000 -16.7161167000 0
5958032921 CMa 103.3871132796 -20.2242549208 1
6523037221 CMa 105.7561338125 -23.8332923078 1
6532050011 CMa 107.0978502142 -26.3931995789 1
6550045251 CMa 111.0237595010 -29.3031055080 1
6532050011 CMa 107.0978502142 -26.3931995789 0
6531037931 CMa 105.4297824358 -27.9348304928 1
6535036191 CMa 104.6564531510 -28.9720861570 1
7073024261 CMa  95.0783001658 -30.0633667339 1
#   CMi
0187021841 CMi 114.8254979080   5.2249875570 0
0764027741 CMi 111.7876739054   8.2893157625 1
#   Cap
5748025981 Cap 304.4119545663 -12.5082143317 0
5753022811 Cap 305.2527011845 -14.7814940556 1
6333021281 Cap 307.2150573069 -17.8136863975 1
6350014991 Cap 316.4867826304 -17.2328616903 1
6360012201 Cap 320.5616485325 -16.8345443886 1
6350014991 Cap 316.4867826304 -17.2328616903 0
6354014921 Cap 316.1012555167 -19.8549919628 1
6925015761 Cap 311.5238859437 -25.2708975431 1
6930009871 Cap 312.9553789499 -26.9191364380 0
6354014921 Cap 316.1012555167 -19.8549919628 1
6928003351 Cap 316.7819471954 -25.0058552892 1
6372012781 Cap 321.6667764125 -22.4113344992 1
6373012031 Cap 322.1808362504 -21.8071806700 1
6370011761 Cap 324.2701278279 -19.4660128761 1
6363010441 Cap 326.7595583000 -16.1265944000 1
#   Car
8534022771 Car  95.9879578290 -52.6956613840 0
8535021261 Car  98.7440830375 -52.9756088556 1
8536007941 Car 102.4638089358 -53.6224494872 1
8553028831 Car 119.1946800884 -52.9823317565 1
8579026921 Car 125.6284750000 -59.5094806000 1
8595033121 Car 139.2725285717 -59.2752320292 1
8943034471 Car 154.2707304375 -61.3323023058 1
8956043241 Car 158.0060956996 -61.6853323078 1
8965017651 Car 160.7391748642 -64.3944502211 1
9214028421 Car 153.4342391408 -70.0379045292 1
9200026031 Car 138.2999060830 -69.7172075970 1
8950022721 Car 146.7755125000 -65.0720056000 1
8595033121 Car 139.2725285717 -59.2752320292 1
#   Cas
4036028341 Cas  28.5988590707  63.6701033936 0
4031032891 Cas  21.4539644621  60.2352840297 1
4017023191 Cas  14.1772154200  60.7167402800 1
3663026681 Cas  10.1268377829  56.5373311583 1
3664019851 Cas   2.2945215780  59.1497810980 1
#   Cen
8976053831 Cen 173.9453295160 -63.0198323565 0
8629017121 Cen 172.9419490974 -59.4420596603 1
8621020021 Cen 170.2516875000 -54.4910222000 1
8241032351 Cen 182.0896767336 -50.7224139057 1
8240027241 Cen 190.3793073208 -48.9599123167 1
7275020741 Cen 200.1492390396 -36.7122901911 1
7293022151 Cen 211.6706146820 -36.3699547430 1
7814037061 Cen 218.8767673375 -42.1578252172 1
8267035451 Cen 208.8849401990 -47.2883745110 1
8663029291 Cen 204.9719072310 -53.4663911460 1
8240027241 Cen 190.3793073208 -48.9599123167 1
8663029291 Cen 204.9719072310 -53.4663911460 0
9005039191 Cen 210.9558518333 -60.3730394056 1
9007058491 Cen 219.9020583320 -60.8339926880 1
#   Cep
4237021681 Cep 307.3952716004  62.9940615521 0
4246019671 Cep 311.3223981417  61.8387824269 1
4252018701 Cep 319.6448846970  62.5855744640 1
4465026431 Cep 322.1649868804  70.5607151892 1
4606035841 Cep 354.8370897195  77.6323626328 1
4277011021 Cep 342.4200705979  66.2004065600 1
3981015901 Cep 332.7136538162  58.2012626631 1
4252018701 Cep 319.6448846970  62.5855744640 1
4465026431 Cep 322.1649868804  70.5607151892 0
4277011021 Cep 342.4200705979  66.2004065600 1
#   Cet
0050017211 Cet  40.8251715933   3.2358241460 0
0058016181 Cet  45.5698878030   4.0897387720 1
0641009851 Cet  44.9287494646   8.9073582975 1
0643009371 Cet  41.2355874262  10.1141413647 1
0632014911 Cet  37.0398210790   8.4600602248 1
0052016811 Cet  38.9686391238   5.5932471794 1
0050017211 Cet  40.8251715933   3.2358241460 1
0046016331 Cet  39.8706491230   0.3285095940 1
4693011441 Cet  34.8366337580  -2.9776376730 1
5278024371 Cet  27.8651655380 -10.3350259813 1
5274019841 Cet  21.0058553458  -8.1832559036 1
5273026571 Cet  17.1474645112 -10.1822658208 1
5847023331 Cet  10.8973787360 -17.9866063160 1
5261010841 Cet   4.8569756808  -8.8239197375 1
5273026571 Cet  17.1474645112 -10.1822658208 1
5278024371 Cet  27.8651655380 -10.3350259813 0
5855022921 Cet  26.0170142608 -15.9374795978 1
5858020531 Cet  30.0012881738 -21.0778318253 1
#   Cha
9398027141 Cha 124.6314716208 -76.9197212311 0
9401017141 Cha 158.8671133158 -78.6077866911 1
9420015431 Cha 184.5867691208 -79.3122419344 1
9418026531 Cha 161.4458536404 -80.5401884717 1
9398027151 Cha 125.1605856233 -77.4844770169 1
9398027141 Cha 124.6314716208 -76.9197212311 1
#   Cir
8707019901 Cir 230.8444042000 -59.3207028000 0
9015014451 Cir 220.6267482517 -64.9751370697 1
8706010611 Cir 229.3785423196 -58.8012048108 1
#   Col
7063011791 Col  82.8031208046 -35.4705167967 0
7064013571 Col  84.9122542996 -34.0741097197 1
7069014821 Col  87.7399674963 -35.7683097808 1
7066020241 Col  89.3842065700 -35.2832820211 1
7077020601 Col  95.5284038445 -33.4363779377 1
7069014821 Col  87.7399674963 -35.7683097808 0
7606009891 Col  89.7866883054 -42.8151339389 1
#   Com
1454011341 Com 197.4970208000  17.5294056000 0
1996024001 Com 197.9683074400  27.8781815425 1
1991018951 Com 186.7344669712  28.2684225225 1
#   CrA
7421022961 CrA 284.6807669939 -37.1073270146 0
7422017371 CrA 286.6050611831 -37.0632756525 1
7917026531 CrA 287.3680873946 -37.9044728350 1
7918015241 CrA 287.5073158467 -39.3407956553 1
7921028561 CrA 287.0873741627 -40.4966987530 1
7925027951 CrA 285.7786540846 -42.0951071711 1
7927019501 CrA 282.3958130127 -43.4340960507 1
7910015701 CrA 278.3757695786 -42.3125136891 1
7906015571 CrA 278.0888808404 -39.7040006939 1
7915016731 CrA 280.9455893122 -38.3234427938 1
#   CrB
2564016291 CrB 233.2324250000  31.3591306000 0
2032016051 CrB 231.9572147104  29.1057006597 1
2029016901 CrB 233.6719500150  26.7146927810 1
2036016741 CrB 235.6857042000  26.2956333000 1
2037018271 CrB 237.3985287106  26.0683897904 1
2037018261 CrB 239.3968811137  26.8778787678 1
2041018051 CrB 240.3606874143  29.8510593071 1
#   Crv
6672009951 Crv 182.1034021838 -24.7288750983 0
6668009921 Crv 182.5311690938 -22.6197672175 1
6098017541 Crv 183.9515450370 -17.5419304580 1
6103023951 Crv 187.4660631842 -16.5154312617 1
6683011161 Crv 188.5968118304 -23.3967604036 1
6668009921 Crv 182.5311690938 -22.6197672175 1
#   Crt
6094015321 Crt 179.0039807714 -17.1508218427 0
6096020321 Crt 176.1907365365 -18.3506667470 1
6088021551 Crt 171.2205150829 -17.6840083272 1
5514014231 Crt 169.8351981738 -14.7785392519 1
5512013891 Crt 171.1524603276 -10.8593216247 1
5510015081 Crt 174.1704723071  -9.8022475661 1
6088021551 Crt 171.2205150829 -17.6840083272 0
6649012741 Crt 167.9145071666 -22.8258459776 1
6079019011 Crt 164.9436035842 -18.2987825678 0
5514014231 Crt 169.8351981738 -14.7785392519 1
#   Cru
8979034641 Cru 186.6495667000 -63.0990917000 0
8654034221 Cru 187.7914983760 -57.1132134570 1
8659031071 Cru 191.9302865620 -59.6887719960 0
8645022631 Cru 183.7863196854 -58.7489269267 1
#   Cyg
3920019711 Cyg 289.2757027150  53.3684592708 0
3555021121 Cyg 292.4264946683  51.7297793972 1
3564031571 Cyg 294.1105598179  50.2211012703 1
3557024861 Cyg 296.2436605888  45.1308100183 1
3156022231 Cyg 305.5570909821  40.2566791564 1
2695041391 Cyg 311.5528431704  33.9702569239 1
2702027641 Cyg 318.2341080613  30.2269154631 1
3574033471 Cyg 310.3579797530  45.2803388070 0
3156022231 Cyg 305.5570909821  40.2566791564 1
2677018161 Cyg 299.0765509262  35.0834229886 1
2133029641 Cyg 292.6803583000  27.9596778000 1
#   Del
1096016841 Del 308.3032163325  11.3032614408 0
1096016821 Del 308.4877121308  13.0272308471 1
1100017201 Del 309.3872554150  14.5950887470 1
1634030551 Del 310.8647224304  15.0745770283 1
1634030561 Del 311.6645799401  16.1242877353 1
1633024421 Del 309.9095300037  15.9120732600 1
1100017201 Del 309.3872554150  14.5950887470 1
#   Dor
8075017961 Dor  64.0066176297 -51.4866441842 0
8512021151 Dor  68.4990716130 -55.0449789640 1
8883016411 Dor  83.4063022163 -62.4898119723 1
8904015221 Dor  86.1932421104 -65.7355280828 1
#   Dra
3910017101 Dra 268.3822067642  56.8726428506 0
3892016201 Dra 263.0440348970  55.1842421403 1
3521018001 Dra 262.6081737329  52.3013887086 1
3523016841 Dra 269.1515411790  51.4888956180 1
3910017101 Dra 268.3822067642  56.8726428506 1
4444022391 Dra 288.1387581854  67.6615404392 1
4449026521 Dra 297.0431238851  70.2679257962 1
4456021071 Dra 288.8874119970  73.3555201700 1
4437014911 Dra 275.2640939540  72.7328477240 1
4210010481 Dra 257.1966498433  65.7146842733 1
4190025681 Dra 245.9978580740  61.5142138700 1
3883015431 Dra 240.4722764917  58.5652515656 1
3875016201 Dra 231.2323942771  58.9660651236 1
4174012621 Dra 211.0972914721  64.3758505267 1
4394018701 Dra 188.3705919073  69.7882314151 1
4542027961 Dra 158.7728907766  75.7129039216 1
4547023231 Dra 144.2720324125  81.3263808731 1
#   Equ
0536023541 Equ 318.9559663321   5.2478452811 0
0541019321 Equ 320.7233902157   6.8111423544 1
1109025831 Equ 318.6200637821  10.0069794106 1
1108025831 Equ 317.5854208000  10.1315750000 1
0521028141 Equ 314.7686750000   4.2935056000 1
0536023541 Equ 318.9559663321   5.2478452811 1
#   Eri
4759016711 Eri  76.9624395550  -5.0864459700 0
4740019161 Eri  71.3756265908  -3.2546601561 1
4738014841 Eri  69.0797560079  -3.3524601883 1
4732019701 Eri  62.9664148333  -6.8375795522 1
5311012851 Eri  59.5073622871 -13.5085193806 1
5307013571 Eri  56.5355691426 -12.1015824752 1
5303013201 Eri  55.8120869946  -9.7633912344 1
5296015331 Eri  53.2326873475  -9.4582586569 1
5295012591 Eri  48.9584390381  -8.8197295127 1
5287010761 Eri  44.1068728496  -8.8981450275 1
5866010501 Eri  41.2758476690 -18.5726329528 1
5870010281 Eri  42.7596744212 -21.0040181839 1
6438011101 Eri  45.5979141283 -23.6244704411 1
5878012921 Eri  49.8791759887 -21.7578624869 1
5880012661 Eri  53.4469838683 -21.6328841764 1
6448013701 Eri  56.7120341296 -23.2497234958 1
6448013711 Eri  56.9152083815 -23.8746754926 1
6448013721 Eri  58.4279240785 -24.6122289418 1
6455012681 Eri  59.9811797220 -24.0162116415 1
6470012421 Eri  68.3772977231 -29.7664937470 1
7038015091 Eri  68.8876597308 -30.5623415919 1
7041016051 Eri  66.0092040482 -34.0168473532 1
7040015341 Eri  64.4735933612 -33.7983491397 1
7035013741 Eri  57.3635219946 -36.2002511222 1
7034013111 Eri  55.7085636446 -37.3135165961 1
7572017481 Eri  54.2736631368 -40.2746502130 1
7567011831 Eri  49.9818788967 -43.0697826375 1
7563010161 Eri  44.5654792000 -40.3047306000 1
7559011601 Eri  40.1668125225 -39.8553761503 1
7558009871 Eri  39.9498559999 -42.8917677191 1
8052013801 Eri  36.7463407279 -47.7038402103 1
8055012701 Eri  34.1274401325 -51.5121654203 1
8047013211 Eri  28.9894002617 -51.6088815426 1
8478013951 Eri  24.4285228330 -57.2367528060 1
#   For
6445009901 For  48.0188721895 -28.9876190625 0
7012010191 For  42.2725801698 -32.4058959749 1
6432023291 For  31.1226608629 -29.2968188200 1
#   Gem
1878014291 Gem  95.7401119260  22.5135827460 0
1877017161 Gem  93.7195625000  22.5068222000 1
1864020111 Gem  91.0300643310  23.2633444720 1
2444011131 Gem 103.1972452958  33.9612548506 1
2452021671 Gem 112.2779952870  31.7845492520 1
2457024071 Gem 113.6494292000  31.8882750000 1
1920021941 Gem 116.3289577740  28.0261988900 1
1916021561 Gem 116.1118898717  24.3979964519 1
1359026721 Gem 110.0307490954  21.9823160392 1
1353015501 Gem 106.0272116262  20.5702982975 1
1329017461 Gem  99.4279604290  16.3992804270 1
1336018121 Gem  97.2407755592  20.2121348956 1
1878014291 Gem  95.7401119260  22.5135827460 1
1897016391 Gem 100.9830260792  25.1311254122 1
1918023391 Gem 111.4316471500  27.7980813469 1
1919021091 Gem 113.9806275724  26.8957531812 1
1920021941 Gem 116.3289577740  28.0261988900 1
#   Gru
7494017481 Gru 328.4821924842 -37.3648552706 0
7995013431 Gru 331.5286903450 -39.5433516250 1
7999015691 Gru 333.9038890784 -41.3467654877 1
8003013721 Gru 337.3173950425 -43.4955623686 1
8446016441 Gru 340.6668761260 -46.8845764450 1
8453014991 Gru 342.1387429481 -51.3168700513 1
8824015031 Gru 345.2199907045 -52.7541307080 1
8438019591 Gru 332.0582696960 -46.9609743820 0
8003013721 Gru 337.3173950425 -43.4955623686 1
#   Her
3491018591 Her 240.6995713119  46.0367025493 0
3067018421 Her 242.1923620016  44.9349256147 1
3492019091 Her 244.9351583000  46.3133694000 1
3066022131 Her 248.5257557101  42.4369818983 1
3070015951 Her 250.7240212279  38.9222535744 1
2582031581 Her 250.3227706000  31.6019369000 1
1518014421 Her 247.5549981108  21.4896113272 1
1513012611 Her 245.4800600208  19.1531282758 1
1518014421 Her 247.5549981108  21.4896113272 0
0990021331 Her 258.6618875000  14.3903722000 1
2620022981 Her 269.0632522675  37.2505373197 0
2604017771 Her 260.9207167000  37.1459250000 1
2604017741 Her 258.7618098475  36.8091623167 1
3070015951 Her 250.7240212279  38.9222535744 1
2604017741 Her 258.7618098475  36.8091623167 0
2590014121 Her 255.0723907454  30.9264045803 1
2582031581 Her 250.3227706000  31.6019369000 1
2590014121 Her 255.0723907454  30.9264045803 0
2065019301 Her 258.7579607430  24.8392069670 1
2079020571 Her 262.6846248723  26.1106423589 1
2085030621 Her 266.6146944908  27.7206772178 1
2102027721 Her 269.4411904642  29.2478798636 1
#   Hor
7581016001 Hor  63.5004768675 -42.2943675578 0
8056011641 Hor  40.6394436828 -50.8002933950 1
8484015041 Hor  39.3516167872 -52.5430314387 1
8491016001 Hor  40.1650560085 -54.5499109597 1
8498013511 Hor  45.9034117170 -59.7377734678 1
8862014901 Hor  44.6991617552 -64.0712909675 1
#   Hya
6755020851 Hya 222.5720894242 -27.9603718110 0
6738013811 Hya 211.5929061937 -26.6823617717 1
6713000241 Hya 202.4282577808 -23.2813262997 1
6700014361 Hya 199.7304049400 -23.1715142781 1
6699013691 Hya 197.2636016461 -23.1180458052 1
7226016501 Hya 178.2271728670 -33.9081297780 1
7216012611 Hya 173.2504793996 -31.8576231803 1
6644013311 Hya 166.3329424688 -27.2936105929 1
6641014791 Hya 159.3071878496 -27.4126309212 1
6075018311 Hya 162.4062031037 -16.1936488858 1
6061011341 Hya 156.5226095750 -16.8362896810 1
5485013101 Hya 152.6470357548 -12.3541274788 1
5485013091 Hya 151.2811203338 -13.0646266981 1
5487016531 Hya 147.8695576567 -14.8466030639 1
5460015921 Hya 141.8968445960  -8.6585995320 1
4894025291 Hya 144.9640060237  -1.1428093031 1
0227025441 Hya 138.5911099772   2.3143439430 1
0225011161 Hya 133.8484422300   5.9455653833 1
0224013341 Hya 132.1082107329   5.8378134256 1
0215020211 Hya 130.8061458029   3.3986629753 1
0215020221 Hya 129.6893227704   3.3414361381 1
0223017951 Hya 129.4140403831   5.7037881744 1
0224013332 Hya 131.6931435179   6.4191514793 1
0225011161 Hya 133.8484422300   5.9455653833 1
#   Hyi
8851020271 Hyi  29.6924777912 -61.5698596606 0
9350016261 Hyi   6.4377931550 -77.2542461200 1
9159016341 Hyi  56.8097525879 -74.2389635022 1
8851020271 Hyi  29.6924777912 -61.5698596606 1
#   Ind
8411018221 Ind 309.3918000321 -47.2915007225 0
8793014781 Ind 319.9666281621 -53.4494235111 1
8812012571 Ind 329.4794730621 -54.9925761181 1
8793014781 Ind 319.9666281621 -53.4494235111 0
8804013751 Ind 313.7025115787 -58.4541560594 1
#   Lac
3619040811 Lac 335.8900989442  52.2290457375 0
3628031931 Lac 337.8229221208  50.2824911667 1
3615030211 Lac 336.1291283098  49.4763886747 1
3611023041 Lac 337.3825937742  47.7068868631 1
3607026001 Lac 335.2564469371  46.5365683569 1
3209022601 Lac 337.6219168554  43.1233767875 1
3203024021 Lac 333.4696971312  39.7149289319 1
3199035911 Lac 333.9924030462  37.7487329283 1
#   Leo
1960015501 Leo 146.4628054183  23.7742557872 0
1964014731 Leo 148.1909022646  26.0069533006 1
1969012611 Leo 154.1725665329  23.4173116889 1
1423013491 Leo 154.9931435917  19.8414886667 1
1412016951 Leo 151.8331327525  16.7626611861 1
0833013811 Leo 152.0929624380  11.9672087760 1
1437028471 Leo 168.5600185958  15.4295705794 1
0870009881 Leo 177.2649097560  14.5720580650 1
1439024791 Leo 168.5270892660  20.5237181390 1
1423013491 Leo 154.9931435917  19.8414886667 1
#   LMi
2500015321 LMi 143.5557559935  36.3975600855 0
2509013431 LMi 151.8573456575  35.2446934639 1
2517012091 LMi 156.9708316646  36.7072100106 1
2521022711 LMi 163.3279369729  34.2148715256 1
#   Lep
5338014471 Lep  78.3078233700 -12.9412906400 0
5902017211 Lep  78.2329382958 -16.2054593837 1
5343015291 Lep  79.8938502021 -13.1767891086 1
5360013701 Lep  89.1012208508 -14.1676996900 0
5359017781 Lep  86.7389206613 -14.8219499842 1
5920016851 Lep  83.1825671617 -17.8222892722 1
5902017211 Lep  78.2329382958 -16.2054593837 1
5913013741 Lep  76.3652723742 -22.3710344147 1
5928016571 Lep  82.0613464950 -20.7594410531 1
5930021971 Lep  86.1157953917 -22.4483835453 1
5930021951 Lep  87.8304005267 -20.8790897644 1
#   Lib
5608013811 Lib 233.8815783675 -14.7895355142 0
5585010141 Lib 229.2517242490  -9.3829144100 1
6155012101 Lib 222.7196378920 -16.0417765200 1
6752014551 Lib 226.0175669854 -25.2819612878 1
#   Lup
8283041341 Lup 220.4823157775 -47.3881987461 0
7832024901 Lup 224.6330223500 -43.1339638490 1
7839028031 Lup 230.3430218199 -40.6475061747 1
7325016911 Lup 230.4515402746 -36.2613756858 1
7332025121 Lup 237.7397428671 -33.6271653669 1
7851018141 Lup 240.0305327325 -38.3967086792 1
7840014321 Lup 233.7849125000 -41.1667667000 1
7847025051 Lup 230.6702844025 -44.6896151769 1
8298041841 Lup 227.9836502146 -48.7378131971 1
8306033621 Lup 228.0712331483 -52.0992477544 1
8283041341 Lup 220.4823157775 -47.3881987461 1
#   Lyn
2496017281 Lyn 140.2637530963  34.3925623739 0
2499016552 Lyn 139.7104542000  36.8023556000 1
2983019831 Lyn 136.6323691589  38.4522154480 1
2986019781 Lyn 135.1599194500  41.7829458730 1
2980021841 Lyn 125.7087916525  43.1881312297 1
3401016481 Lyn 111.6785494554  49.2115251881 1
3779017301 Lyn 104.3191885867  58.4227612319 1
3776024651 Lyn  94.9057690812  59.0109634094 1
#   Lyr
3105020701 Lyr 279.2347347870  38.7836889560 0
3118020801 Lyr 281.1931556396  37.6051158481 1
2642029291 Lyr 282.5199801967  33.3626694383 1
3118020801 Lyr 281.1931556396  37.6051158481 0
2650021461 Lyr 283.4314968334  36.9717192034 1
2643033461 Lyr 284.7359267238  32.6895556375 1
#   Men
9176009871 Men  92.5603088309 -74.7530454409 0
9378016921 Men  82.9701331584 -76.3409137481 1
9173010011 Men  73.7966688579 -74.9368546228 1
9169015911 Men  75.6791603101 -71.3142990357 1
#   Mic
7465014451 Mic 312.4919864570 -33.7797215082 0
7475011291 Mic 315.3227519696 -32.2577659353 1
7476009231 Mic 319.4845166421 -32.1725420889 1
7983012001 Mic 320.1901096894 -40.8095446302 1
7975013471 Mic 312.1214491381 -43.9885102581 1
7465014451 Mic 312.4919864570 -33.7797215082 1
#   Mon
4851028781 Mon 122.1485276167  -2.9837877944 0
5414027461 Mon 115.3118023700  -9.5511308564 1
4815038161 Mon 107.9660865800  -0.4927696736 1
4797018801 Mon  97.2044571250  -7.0330583610 1
4795017691 Mon  93.7138902688  -6.2747744475 1
4815038161 Mon 107.9660865800  -0.4927696736 0
0141024521 Mon  95.9420482177   4.5928574254 1
#   Mus
9228030491 Mus 189.2959078692 -69.1355647886 0
9228030471 Mus 191.5700170880 -68.1081156670 1
9249023801 Mus 195.5677697342 -71.5488542331 1
9236029071 Mus 188.1167226400 -72.1329888058 1
9228030491 Mus 189.2959078692 -69.1355647886 1
9227027051 Mus 184.3928215029 -67.9607357306 1
8985030461 Mus 177.0605534249 -66.8149086566 1
#   Nor
8310014891 Nor 241.6227644345 -45.1732405469 0
8316044411 Nor 246.7959837892 -47.5547840447 1
8320022901 Nor 244.9600927738 -50.1555061878 1
8319017591 Nor 244.2538921146 -50.0681203567 1
8318011281 Nor 240.8037409500 -49.2296986306 1
8310014891 Nor 241.6227644345 -45.1732405469 1
#   Oct
9350004501 Oct   0.3987566021 -77.0657247878 0
9488010531 Oct 341.5146290837 -81.3816144403 1
9509038541 Oct 216.7301351771 -83.6678852306 1
9478014831 Oct 325.3689251480 -77.3900087616 1
9483011571 Oct 335.0069987354 -80.4397485361 1
9488010531 Oct 341.5146290837 -81.3816144403 1
#   Oph
6829005771 Oph 260.5024139450 -24.9995463817 0
6232013331 Oph 257.5944336000 -15.7251428000 1
5632010421 Oph 249.2897460604 -10.5670915197 1
6203008061 Oph 247.7848638450 -16.6127307311 1
5632010421 Oph 249.2897460604 -10.5670915197 0
5042009991 Oph 244.5803739296  -4.6925095739 1
0386020622 Oph 247.7285917000   1.9842444000 1
5037010681 Oph 243.5864105300  -3.6943225640 1
0386020622 Oph 247.7285917000   1.9842444000 0
0409019221 Oph 261.6286691665   4.1403576602 1
6232013331 Oph 257.5944336000 -15.7251428000 1
0409019221 Oph 261.6286691665   4.1403576602 0
0423017241 Oph 265.8681360342   4.5673043011 1
1000025081 Oph 263.7336227200  12.5600373920 1
0979021981 Oph 254.4170743746   9.3750312767 1
1000025081 Oph 263.7336227200  12.5600373920 0
0979021991 Oph 253.5019646342  10.1653606264 1
5678009561 Oph 269.7566329704  -9.7736332922 0
0420019621 Oph 266.9731655529   2.7072777736 1
0423017241 Oph 265.8681360342   4.5673043011 1
0420019621 Oph 266.9731655529   2.7072777736 0
0434051981 Oph 270.1613061120   2.9315542721 1
#   Ori
0129018731 Ori  88.7929389910   7.4070639950 0
4771011881 Ori  85.1896958000  -1.9425722000 1
5351007601 Ori  86.9391201683  -9.6696049186 1
5331017521 Ori  78.6344670670  -8.2016383650 1
4766024451 Ori  83.0016583000  -0.2990806000 1
0113018561 Ori  81.2827635570   6.3497032640 1
0705024011 Ori  83.7051584875   9.4895799483 1
0701020471 Ori  84.2266174412   9.2906693203 1
0129018731 Ori  88.7929389910   7.4070639950 1
#   Pav
8785018981 Pav 306.4119043650 -56.7350897260 0
9112016051 Pav 311.2395582896 -66.2032140989 1
9112016001 Pav 310.4878162146 -66.7606805341 1
9315018931 Pav 300.1481482450 -72.9105054942 1
9299023611 Pav 280.7588970038 -71.4281129069 1
9062036151 Pav 266.4332751967 -64.7238720531 1
9068028231 Pav 275.8068587682 -61.4938712166 1
9074022031 Pav 283.0543094400 -62.1875923231 1
9098019181 Pav 302.1817061238 -66.1820675764 1
9112016051 Pav 311.2395582896 -66.2032140989 1
9111014231 Pav 321.6104083000 -65.3680361000 1
#   Peg
1155021871 Peg 340.3655029900  10.8313633103 0
1125021861 Peg 326.0464839142   9.8750086533 1
0565019991 Peg 332.5499386467   6.1978632639 1
1155021871 Peg 340.3655029900  10.8313633103 1
1155021861 Peg 341.6732548992  12.1728848464 1
1711024751 Peg 346.1902226910  15.2052671480 1
1179017751 Peg   3.3089634617  15.1835935442 1
1711024751 Peg 346.1902226910  15.2052671480 1
2193020171 Peg 326.1613967660  25.6450377630 0
2208024711 Peg 331.7527585720  25.3451044829 1
2221016661 Peg 341.6328244225  23.5656544833 1
2225018211 Peg 342.5008047942  24.6015828833 1
2243018311 Peg 345.9435727450  28.0827871250 1
2736018231 Peg 340.7505155056  30.2211186300 1
2724023541 Peg 332.4968488075  33.1782215622 1
#   Per
2359012581 Per  56.0797208000  32.2882417000 0
2361028201 Per  58.5330103129  31.8836336839 1
2369022731 Per  59.7412595488  35.7910314458 1
2868016231 Per  59.4634668633  40.0102153175 1
2871025731 Per  56.2984668087  42.5785508022 1
3317030341 Per  55.7312677338  47.7875485092 1
3320028081 Per  51.0807087183  49.8611792931 1
3701013931 Per  46.1991280875  53.5064357569 1
3704013321 Per  42.6742066267  55.8954965489 1
3320028081 Per  51.0807087183  49.8611792931 0
2851021681 Per  47.0422185562  40.9556466703 1
2847015721 Per  46.2941410610  38.8402761900 1
#   Phe
8032012281 Phe  16.5212292000 -46.7185000000 0
7547011341 Phe  22.0913636121 -43.3182361592 1
8043011791 Phe  22.8129364571 -49.0727030103 1
8476013021 Phe  17.0961729092 -55.2457580317 1
8032012281 Phe  16.5212292000 -46.7185000000 1
7530009781 Phe   6.5508409442 -43.6798313658 1
8022012401 Phe   2.3526633116 -45.7474204007 1
#   Pic
8899022021 Pic 102.0477296800 -61.9413891210 0
8524012801 Pic  87.4569242267 -56.1666613200 1
8099013921 Pic  86.8211987088 -51.0665114264 1
#   Psc
2278012601 Psc  17.9150794560  30.0896391627 0
1751021781 Psc  19.8666370358  27.2640598692 1
1747022631 Psc  18.4372757257  24.5837013613 1
1202021261 Psc  17.8634115500  21.0346501558 1
1198015971 Psc  22.8708760779  15.3458245944 1
0622005741 Psc  26.3484388587   9.1577534269 1
0040013381 Psc  30.5117667000   2.7637306000 1
0035004351 Psc  25.3578912904   5.4876128403 1
0034012871 Psc  22.5463101529   6.1438215806 1
0612014461 Psc  15.7358692737   7.8901348672 1
0604013011 Psc  12.1706013920   7.5850812730 1
0593016971 Psc 359.8278776562   6.8633211639 1
0591017441 Psc 354.9876724017   5.6262909803 1
0584015151 Psc 351.9920637042   6.3789922219 1
0584015161 Psc 350.0857627584   5.3813055613 1
0580018841 Psc 349.2914062129   3.2822883264 1
0578014151 Psc 351.7331491369   1.2556039787 1
0586014581 Psc 355.5116921592   1.7800412250 1
0591017441 Psc 354.9876724017   5.6262909803 1
0580018841 Psc 349.2914062129   3.2822883264 0
0579018341 Psc 345.9692228837   3.8200461703 1
#   PsA
6977012671 PsA 344.4126927210 -29.6222370330 0
6966015091 PsA 340.1639361668 -27.0436021875 1
7490018391 PsA 326.2367059875 -33.0257827850 1
7492014661 PsA 332.0958949060 -32.9884384053 1
7497015111 PsA 337.8763765938 -32.3460737075 1
7508013131 PsA 343.1313451920 -32.8754733562 1
7508013121 PsA 343.9870845692 -32.5396237931 1
6977012671 PsA 344.4126927210 -29.6222370330 1
#   Pup
6555032451 Pup 121.8860367646 -24.3043244294 0
6557045221 Pup 117.3235652742 -24.8597862414 1
7663040931 Pup 120.8960314100 -40.0031477980 1
7655026871 Pup 112.3076270488 -43.3014332394 1
7115030191 Pup 109.2856500000 -37.0974722000 1
7663040931 Pup 120.8960314100 -40.0031477980 1
7655026871 Pup 112.3076270488 -43.3014332394 0
7642014611 Pup 108.3846438112 -44.6397115465 1
8125023141 Pup 102.4840352479 -50.6145676878 1
7626022031 Pup  99.4402973029 -43.1959333808 1
7642014611 Pup 108.3846438112 -44.6397115465 1
#   Pyx
7144036391 Pyx 130.0255984608 -35.3083514275 0
7141027251 Pyx 130.8980731433 -33.1863860522 1
6580027811 Pyx 132.6330117588 -27.7098450300 1
#   Ret
8870013851 Ret  56.0499418214 -64.8068828761 0
8869024611 Ret  63.6061839087 -62.4738587975 1
8508020411 Ret  64.1209550567 -59.3021559375 1
8868022211 Ret  60.3256317462 -61.0788210961 1
8868013181 Ret  59.6864560358 -61.4001853689 1
8868021931 Ret  60.2242024954 -62.1592847261 1
8870013851 Ret  56.0499418214 -64.8068828761 1
#   Sge
1624034141 Sge 299.6892859438  19.4921466886 0
1619035421 Sge 296.8469438699  18.5343111842 1
1606023421 Sge 295.2622480747  17.4760418455 1
1619035421 Sge 296.8469438699  18.5343111842 0
1606023411 Sge 295.0241327254  18.0138901660 1
#   Sgr
7943021051 Sgr 290.6595784090 -44.4589854043 0
7935021391 Sgr 290.9715617846 -40.6159362378 1
6885028371 Sgr 285.6530426560 -29.8800633010 1
6881017771 Sgr 286.7350220571 -27.6704470647 1
6879024981 Sgr 288.8851107329 -25.2566824594 1
6880023421 Sgr 291.3187088679 -24.5085722003 1
6893021321 Sgr 294.1768036896 -24.8836191097 1
6899025951 Sgr 298.9598439583 -26.2993592497 1
6881017771 Sgr 286.7350220571 -27.6704470647 0
6868018291 Sgr 283.8163604060 -26.2967241150 1
6295024921 Sgr 286.1707573854 -21.7414957025 1
6295002821 Sgr 287.4409705250 -21.0236139819 1
6304003341 Sgr 289.4086627506 -18.9529062868 1
6301024571 Sgr 290.4181642454 -17.8471991222 1
6297014191 Sgr 290.4317618142 -15.9550173536 1
6868018291 Sgr 283.8163604060 -26.2967241150 0
6867024281 Sgr 281.4141087679 -26.9907762336 1
6861031801 Sgr 276.9926696604 -25.4216984969 1
6276030931 Sgr 273.4408701671 -21.0588316869 1
6861031801 Sgr 276.9926696604 -25.4216984969 0
6856021701 Sgr 275.2485147600 -29.8281016442 1
7401034711 Sgr 276.0429933510 -34.3846164860 1
7404070571 Sgr 274.4068127158 -36.7616852008 1
6856021701 Sgr 275.2485147600 -29.8281016442 0
7391027101 Sgr 271.4520337450 -30.4240898494 1
#   Sco
5616012941 Sco 243.0000434782 -10.0641209125 0
5619012571 Sco 241.0923134905 -11.3732048544 1
6208016231 Sco 241.3592999275 -19.8054527828 1
6779021941 Sco 240.0833553460 -22.6217064260 1
6783026971 Sco 239.7129718242 -26.1141079450 1
6791025091 Sco 239.2211509963 -29.2140725514 1
6779021941 Sco 240.0833553460 -22.6217064260 0
6798005401 Sco 245.2971488058 -25.5927920767 1
6803021581 Sco 247.3519208000 -26.4320028000 1
6807010121 Sco 248.9706368875 -28.2160170875 1
7367008041 Sco 252.5408783863 -34.2932315931 1
7868018211 Sco 252.9675653854 -38.0473987267 1
7876028711 Sco 253.6458514446 -42.3613168553 1
7882005691 Sco 258.0383152213 -43.2391918128 1
7892076791 Sco 264.3297125000 -42.9978250000 1
7889026691 Sco 266.8961713746 -40.1269970414 1
7389021591 Sco 267.4645033892 -37.0433048667 1
7885020651 Sco 265.6219800000 -39.0299830760 1
7388010931 Sco 263.4021671840 -37.1038235510 1
#   Scl
6424022701 Scl  14.6514970954 -29.3574513094 0
6988013371 Scl 357.2314440650 -28.1302706940 1
7510010891 Scl 349.7060031792 -32.5320247125 1
8013013571 Scl 353.2427457450 -37.8182658333 1
#   Sct
5691013381 Sct 278.8017823483  -8.2440702481 0
5122014261 Sct 281.7935945559  -4.7478788588 1
6281020051 Sct 283.6796427658 -15.6030376767 1
5702028821 Sct 277.2993911779 -14.5658144069 1
5691013381 Sct 278.8017823483  -8.2440702481 1
#   Ser
0457006871 Ser 284.0549495524   4.2036049502 0
5102004161 Ser 275.3275023167  -2.8988268319 1
#   Oph
5678009561 Oph 269.7566329704  -9.7736332922 1
#   Ser
6248013691 Ser 264.3966659642 -15.3985538728 1
#   Oph
5037010681 Oph 243.5864105300  -3.6943225640 0
#   Ser
0360012261 Ser 237.7040259242   4.4777308758 1
0363011351 Ser 236.0669763162   6.4256286867 1
0933012381 Ser 233.7006125000  10.5388889000 1
1495019941 Ser 236.5468931075  15.4218321850 1
1498017891 Ser 237.1849031829  18.1415650617 1
1496021191 Ser 239.1132612283  15.6616168056 1
1502017821 Ser 237.8162910346  20.9779212872 0
1498017891 Ser 237.1849031829  18.1415650617 1
1498017871 Ser 235.3877278775  19.6703994403 1
#   Sex
4912013811 Sex 157.5728325426  -0.6370288286 0
5475013791 Sex 148.1268219730  -8.1050352390 1
4903017501 Sex 151.9845088792  -0.3716731990 1
#   Tau
1859014701 Tau  81.5729713320  28.6074517250 0
1273011041 Tau  67.1541617392  19.1804290564 1
1266014161 Tau  68.9801627900  16.5093023510 1
1310026971 Tau  84.4111892629  21.1425441122 1
1266014161 Tau  68.9801627900  16.5093023510 0
1264010091 Tau  64.9483493713  15.6276431728 1
0662015461 Tau  60.1700654896  12.4903405381 1
0650014691 Tau  51.7922437055   9.7327394850 1
1264010091 Tau  64.9483493713  15.6276431728 0
1268012671 Tau  65.7337543174  17.5425155464 1
1273011041 Tau  67.1541617392  19.1804290564 1
1272011261 Tau  64.3152600277  20.5785970033 1
1262016451 Tau  61.1738118396  22.0819234117 1
1800022061 Tau  57.4313808938  23.7118531171 1
#   Tel
8357038621 Tel 272.8073598183 -45.9544264431 0
8359036501 Tel 276.7434001679 -45.9684582681 1
8367027551 Tel 277.2077491646 -49.0705867292 1
8759029611 Tel 284.6156962625 -52.9386283908 1
8776013431 Tel 301.8464970508 -52.8807827557 1
8393018081 Tel 293.8041078841 -48.0992010463 1
8359036501 Tel 276.7434001679 -45.9684582681 1
#   Tri
1763030281 Tri  28.2704462333  29.5788278039 0
2317016471 Tri  32.3859463420  34.9872970650 1
2318018751 Tri  34.3286126396  33.8471930692 1
1763030281 Tri  28.2704462333  29.5788278039 1
#   TrA
9275036411 TrA 252.1662295070 -69.0277118470 0
9027057121 TrA 238.7856752650 -63.4307265364 1
9259049051 TrA 229.7274249308 -68.6795459339 1
9275036411 TrA 252.1662295070 -69.0277118470 1
#   Tuc
9117019471 Tuc 334.6253949308 -60.2595906408 0
9120019181 Tuc 336.8331958000 -64.9663583000 1
9133016521 Tuc 359.9790733967 -65.5771334350 1
8843017061 Tuc   5.0177498804 -64.8747929889 1
8844015191 Tuc   7.8861169750 -62.9582187464 1
8837012971 Tuc 349.3572949193 -58.2357520111 1
9117019471 Tuc 334.6253949308 -60.2595906408 1
#   UMa
3467012571 UMa 206.8851573420  49.3132667290 0
3850013851 UMa 200.9814292000  54.9253611000 1
3845011901 UMa 193.5072899675  55.9598229569 1
3837010701 UMa 183.8565026363  57.0326154461 1
3833010341 UMa 178.4576971525  53.6947597292 1
3827010791 UMa 165.4603189042  56.3824260867 1
4146012741 UMa 165.9319542000  61.7510333000 1
3837010701 UMa 183.8565026363  57.0326154461 1
3833010341 UMa 178.4576971525  53.6947597292 0
3452021401 UMa 176.5125586421  47.7794062925 1
3012025191 UMa 167.4158694850  44.4984866806 1
3432014511 UMa 143.2143078913  51.6773003061 1
3814017521 UMa 148.0264765510  54.0643322890 1
3820015221 UMa 147.7473208312  59.0387357128 1
4139013041 UMa 142.8821197175  63.0618614831 1
4127024311 UMa 127.5661276671  60.7181698642 1
4141014961 UMa 137.5981162188  67.1340217504 1
4376020521 UMa 143.6202573074  69.8303406852 1
4146012741 UMa 165.9319542000  61.7510333000 1
3007012861 UMa 154.2740568854  42.9143794920 0
3012025191 UMa 167.4158694850  44.4984866806 1
3004014181 UMa 155.5822490246  41.4995191958 1
3420021491 UMa 134.8019155112  48.0418315302 0
3432014511 UMa 143.2143078913  51.6773003061 1
3424016261 UMa 135.9063650740  47.1565247270 1
#   UMi
4628002371 UMi  37.9545606700  89.2641089700 0
4655010531 UMi 263.0541529529  86.5864606603 1
4580011541 UMi 251.4926501764  82.0372630158 1
4563027081 UMi 236.0146621467  77.7944941236 1
4416017991 UMi 222.6763574980  74.1555039370 1
4414023141 UMi 230.1821501629  71.8340165447 1
4567017641 UMi 244.3761223659  75.7553442665 1
4563027081 UMi 236.0146621467  77.7944941236 1
#   Vel
8201033371 Vel 159.3255831080 -48.2256207930 0
8206030331 Vel 161.6924492833 -49.4202602889 1
8602020241 Vel 149.2155903092 -54.5677886231 1
8588042001 Vel 140.5284067083 -55.0106671342 1
7689026171 Vel 136.9989911380 -43.4325909090 1
7696026201 Vel 142.6746906604 -40.4668308299 1
7716037041 Vel 153.6839822071 -42.1219425811 1
8588042001 Vel 140.5284067083 -55.0106671342 0
8573035711 Vel 131.1759417000 -54.7088222000 1
8140065331 Vel 122.3831255600 -47.3365863290 1
7689026171 Vel 136.9989911380 -43.4325909090 1
#   Vir
5547015181 Vir 201.2982473620 -11.1613194850 0
4963013161 Vir 197.4874348201  -5.5390182577 1
4949011201 Vir 190.4150990226  -1.4493949535 1
4940011581 Vir 184.9764536748  -0.6668332138 1
0273009241 Vir 177.6738259958   1.7647197275 1
4949011201 Vir 190.4150990226  -1.4493949535 0
0294010321 Vir 193.9008691908   3.3974703403 1
0886013261 Vir 195.5441577067  10.9591504008 1
0294010321 Vir 193.9008691908   3.3974703403 0
4966013661 Vir 203.6733057474  -0.5958360179 1
#   Vol
8939027291 Vol 135.6116496704 -66.3960757619 0
8937028201 Vol 126.4341446692 -66.1368902650 1
9193030901 Vol 121.9825042000 -68.6170667000 1
9188018641 Vol 115.4552541842 -72.6060990725 1
9182014101 Vol 107.1766093248 -70.4971142623 1
9179021071 Vol 109.2075994650 -67.9571523228 1
8937028201 Vol 126.4341446692 -66.1368902650 1
#   Vul
1611020431 Vul 289.0543243735  21.3904253618 0
2129027721 Vul 292.1763748137  24.6649034597 1
2140030511 Vul 298.3653917000  24.0796028000 1
2149018801 Vul 300.2752019104  27.7535733011 1
2163017941 Vul 303.9422686044  27.8141943846 1
